1 0.174708 0.572287 0.113761 0.220110
1 0.019371 0.467917 0.035179 0.128330
1 0.325018 0.369639 0.058023 0.134828
1 0.466192 0.335526 0.049799 0.120208
1 0.624954 0.315627 0.055738 0.124269
1 0.777778 0.362329 0.050713 0.131579
1 0.877833 0.450861 0.054368 0.188434
1 0.981314 0.382635 0.033808 0.157570
0 0.576526 0.843161 0.107822 0.290773
0 0.445175 0.359893 0.068988 0.147823
0 0.694627 0.308317 0.039748 0.108025
0 0.878061 0.317658 0.045687 0.100715
2 0.928088 0.402940 0.052540 0.134828
2 0.801992 0.275828 0.032438 0.082034